{
 "cells": [
  {
   "cell_type": "markdown",
   "metadata": {},
   "source": [
    "# Questão 1 \n",
    "![alt text]({02815547-C498-458E-999D-8F17A766BC06}.png)"
   ]
  },
  {
   "cell_type": "code",
   "execution_count": 4,
   "metadata": {},
   "outputs": [
    {
     "name": "stdout",
     "output_type": "stream",
     "text": [
      "Matriz de Hückel (H):\n",
      "[[-3.75 -2.    0.    0.   -2.  ]\n",
      " [-2.   -0.   -2.75  0.    0.  ]\n",
      " [ 0.   -2.75 -0.   -2.25  0.  ]\n",
      " [ 0.    0.   -2.25 -0.   -2.75]\n",
      " [-2.    0.    0.   -2.75 -0.  ]]\n",
      "\n",
      "Autovalores (níveis de energia π, em eV):\n",
      "[-5.86781896 -2.87767057 -1.84621608  2.74548953  4.09621608]\n",
      "\n",
      "Orbitais moleculares (autovetores):\n",
      "[[ 7.28438046e-01  5.85105279e-01  1.74252456e-16  3.56412438e-01\n",
      "  -1.12392166e-16]\n",
      " [ 3.85674976e-01 -1.27601139e-01 -5.87075984e-01 -5.78768314e-01\n",
      "  -3.94134227e-01]\n",
      " [ 2.93161763e-01 -5.59056218e-01 -3.94134227e-01  3.18609989e-01\n",
      "   5.87075984e-01]\n",
      " [ 2.93161763e-01 -5.59056218e-01  3.94134227e-01  3.18609989e-01\n",
      "  -5.87075984e-01]\n",
      " [ 3.85674976e-01 -1.27601139e-01  5.87075984e-01 -5.78768314e-01\n",
      "   3.94134227e-01]]\n",
      "\n",
      "Níveis ocupados (HOMO e abaixo):\n",
      "MO 1: energia = -5.868 eV\n",
      "MO 2: energia = -2.878 eV\n",
      "MO 3: energia = -1.846 eV\n",
      "\n",
      "HOMO: -1.8462160810011778\n",
      "LUMO: 2.7454895276111406\n",
      "\n",
      "População Eletrônica Total (PET) em cada orbital atômico:\n",
      "Átomo 1: PET = 1.746\n",
      "Átomo 2: PET = 1.019\n",
      "Átomo 3: PET = 1.108\n",
      "Átomo 4: PET = 1.108\n",
      "Átomo 5: PET = 1.019\n",
      "\n",
      "Matriz de densidade eletrônica (P):\n",
      "[[ 1.74594035  0.41256045 -0.22711313 -0.22711313  0.41256045]\n",
      " [ 0.41256045  1.0193709   0.83157621 -0.09397075 -0.35926195]\n",
      " [-0.22711313  0.83157621  1.10765893  0.48629177 -0.09397075]\n",
      " [-0.22711313 -0.09397075  0.48629177  1.10765893  0.83157621]\n",
      " [ 0.41256045 -0.35926195 -0.09397075  0.83157621  1.0193709 ]]\n",
      "\n",
      "População em cada átomo (diagonal de P):\n",
      "Átomo 1: 1.746\n",
      "Átomo 2: 1.019\n",
      "Átomo 3: 1.108\n",
      "Átomo 4: 1.108\n",
      "Átomo 5: 1.019\n",
      "\n",
      "Ordens de ligação (fora da diagonal):\n",
      "Ligação 1-2: 0.413\n",
      "Ligação 2-3: 0.832\n",
      "Ligação 3-4: 0.486\n",
      "Ligação 4-5: 0.832\n",
      "Ligação 5-1: 0.413\n"
     ]
    }
   ],
   "source": [
    "import numpy as np\n",
    "\n",
    "# ============================\n",
    "# Parâmetros de Hückel\n",
    "# ============================\n",
    "beta0 = -2.5  # eV\n",
    "h_C = 0.0\n",
    "h_N = 1.5\n",
    "k_CC_dupla = 1.1\n",
    "k_CC_simples = 0.9\n",
    "k_CN = 0.8\n",
    "\n",
    "# ============================\n",
    "# Definição da molécula: Pirrol\n",
    "# ============================\n",
    "n = 5\n",
    "H = np.zeros((n, n))\n",
    "\n",
    "# Alfas (diagonal)\n",
    "H[0,0] = h_N * beta0   # Nitrogênio\n",
    "for i in range(1,5):\n",
    "    H[i,i] = h_C * beta0   # Carbonos\n",
    "\n",
    "# Ligações com betas (fora da diagonal)\n",
    "ligacoes = {\n",
    "    (0,1): k_CN,\n",
    "    (1,2): k_CC_dupla,\n",
    "    (2,3): k_CC_simples,\n",
    "    (3,4): k_CC_dupla,\n",
    "    (4,0): k_CN\n",
    "}\n",
    "\n",
    "for (i,j),k in ligacoes.items():\n",
    "    H[i,j] = k * beta0\n",
    "    H[j,i] = k * beta0\n",
    "\n",
    "print(\"Matriz de Hückel (H):\")\n",
    "print(H)\n",
    "\n",
    "# ============================\n",
    "# Diagonalização (método QR)\n",
    "# ============================\n",
    "valores, vetores = np.linalg.eigh(H)\n",
    "\n",
    "print(\"\\nAutovalores (níveis de energia π, em eV):\")\n",
    "print(valores)\n",
    "\n",
    "print(\"\\nOrbitais moleculares (autovetores):\")\n",
    "print(vetores)\n",
    "\n",
    "# ============================\n",
    "# Preenchimento eletrônico\n",
    "# ============================\n",
    "n_eletrons = 6  # 6 elétrons π no pirrol\n",
    "ocupados = n_eletrons // 2\n",
    "\n",
    "print(\"\\nNíveis ocupados (HOMO e abaixo):\")\n",
    "for i in range(ocupados):\n",
    "    print(f\"MO {i+1}: energia = {valores[i]:.3f} eV\")\n",
    "\n",
    "print(\"\\nHOMO:\", valores[ocupados-1])\n",
    "print(\"LUMO:\", valores[ocupados])\n",
    "\n",
    "# ============================\n",
    "# População Eletrônica Total (PET_k)\n",
    "# ============================\n",
    "\n",
    "PET = np.zeros(n)\n",
    "for k in range(n):  # para cada orbital atômico\n",
    "    soma = 0\n",
    "    for j in range(n):  # percorre todos os orbitais moleculares\n",
    "        nj = 2 if j < ocupados else 0   # 2 elétrons em cada orbital ocupado\n",
    "        soma += (vetores[k,j]**2) * nj\n",
    "    PET[k] = soma\n",
    "\n",
    "print(\"\\nPopulação Eletrônica Total (PET) em cada orbital atômico:\")\n",
    "for i in range(n):\n",
    "    print(f\"Átomo {i+1}: PET = {PET[i]:.3f}\")\n",
    "\n",
    "\n",
    "\n",
    "print(\"\\nMatriz de densidade eletrônica (P):\")\n",
    "print(P)\n",
    "\n",
    "print(\"\\nPopulação em cada átomo (diagonal de P):\")\n",
    "for i in range(n):\n",
    "    print(f\"Átomo {i+1}: {P[i,i]:.3f}\")\n",
    "\n",
    "print(\"\\nOrdens de ligação (fora da diagonal):\")\n",
    "for (i,j) in ligacoes.keys():\n",
    "    ordem = P[i,j]\n",
    "    print(f\"Ligação {i+1}-{j+1}: {ordem:.3f}\")\n"
   ]
  },
  {
   "cell_type": "markdown",
   "metadata": {},
   "source": [
    "# Questão 2\n",
    "![alt text]({54679AC8-F248-4F79-8F94-EBED57A4C088}.png)\n",
    "![alt text]({CC2B7BB4-C8DE-44BC-B6D9-129F0D99A78E}.png)\n"
   ]
  }
 ],
 "metadata": {
  "kernelspec": {
   "display_name": "base",
   "language": "python",
   "name": "python3"
  },
  "language_info": {
   "codemirror_mode": {
    "name": "ipython",
    "version": 3
   },
   "file_extension": ".py",
   "mimetype": "text/x-python",
   "name": "python",
   "nbconvert_exporter": "python",
   "pygments_lexer": "ipython3",
   "version": "3.12.7"
  }
 },
 "nbformat": 4,
 "nbformat_minor": 2
}
